Time                        , raw_gyro_x_, raw_gyro_y_, raw_gyro_z_
[Jumat_03-10-2025_22-48-25], -0.00972801, 0.0353463, -0.0151726
[Jumat_03-10-2025_22-48-26], -0.496995, 0.157915, 0.13143
[Jumat_03-10-2025_22-48-26], -0.444167, 0.0775254, 0.810306
[Jumat_03-10-2025_22-48-27], 0.773179, -0.0192864, 0.0821828
[Jumat_03-10-2025_22-48-27], -0.19119, 0.380386, 0.367688
[Jumat_03-10-2025_22-48-28], -0.455765, 0.329865, 0.533972
[Jumat_03-10-2025_22-48-28], 0.320979, -0.039079, -0.05817
[Jumat_03-10-2025_22-48-29], -0.853983, -0.220395, 1.10533
[Jumat_03-10-2025_22-48-29], 1.04336, 0.0958747, -0.402365
[Jumat_03-10-2025_22-48-30], -0.55325, 0.514547, 0.331472
[Jumat_03-10-2025_22-48-30], -0.597997, 0.233606, 0.306028
[Jumat_03-10-2025_22-48-31], 0.255182, -0.0377573, 0.0456108
[Jumat_03-10-2025_22-48-31], -0.793773, -0.0981915, 1.07843
[Jumat_03-10-2025_22-48-32], 0.996586, 0.147303, -0.745742
[Jumat_03-10-2025_22-48-32], -0.327692, 0.410594, 0.63864
[Jumat_03-10-2025_22-48-33], -0.171385, -0.171343, 0.0984852
[Jumat_03-10-2025_22-48-33], -0.158669, 0.083191, -0.227421
[Jumat_03-10-2025_22-48-34], -0.603096, 0.104705, 1.02022
[Jumat_03-10-2025_22-48-34], 0.89959, 0.236768, -0.661502
[Jumat_03-10-2025_22-48-35], -0.125283, 0.0926484, 0.685189
[Jumat_03-10-2025_22-48-35], -0.204213, -0.635966, -0.100312
[Jumat_03-10-2025_22-48-36], -0.153941, -0.0650076, -0.201169
[Jumat_03-10-2025_22-48-36], -0.383922, -0.300789, 0.898493
[Jumat_03-10-2025_22-48-37], 0.404226, -0.0464098, -0.324024
[Jumat_03-10-2025_22-48-37], 0.774499, -0.241642, 0.462931
[Jumat_03-10-2025_22-48-38], -0.150373, 0.0547683, -0.450545
[Jumat_03-10-2025_22-48-38], -0.482626, 0.107535, 0.487613
[Jumat_03-10-2025_22-48-39], -0.154442, -0.1897, 0.592896
[Jumat_03-10-2025_22-48-40], 0.250704, -0.155441, -0.00291232
[Jumat_03-10-2025_22-48-40], 0.717098, -0.208751, 0.417419
[Jumat_03-10-2025_22-48-41], -0.243872, -0.253186, -0.304748
[Jumat_03-10-2025_22-48-41], -0.395496, -0.0069809, 0.257075
[Jumat_03-10-2025_22-48-42], -0.324325, -0.254797, 1.02322
[Jumat_03-10-2025_22-48-42], 0.932415, 0.211821, -0.405029
[Jumat_03-10-2025_22-48-43], -0.162574, 0.2444, 0.699318
[Jumat_03-10-2025_22-48-43], -0.305958, -0.389166, -0.127663
[Jumat_03-10-2025_22-48-44], -0.197477, -0.170233, -0.0598436
[Jumat_03-10-2025_22-48-44], -0.366753, -0.150388, 1.13638
[Jumat_03-10-2025_22-48-45], 0.776354, 0.149101, -0.443515
[Jumat_03-10-2025_22-48-45], 0.215526, -0.155019, 0.573742
[Jumat_03-10-2025_22-48-46], -0.502213, -0.271582, 0.0410815
[Jumat_03-10-2025_22-48-46], -0.325354, -0.117712, 0.102243
[Jumat_03-10-2025_22-48-47], -0.366614, -0.264683, 0.912464
[Jumat_03-10-2025_22-48-47], 0.843337, 0.12213, -0.456311
[Jumat_03-10-2025_22-48-48], 0.425464, -0.0804484, 0.599959
[Jumat_03-10-2025_22-48-48], -0.323119, -0.372084, -0.418864
[Jumat_03-10-2025_22-48-49], -0.364026, 0.0926952, 0.336976
[Jumat_03-10-2025_22-48-49], -0.405442, 0.126504, 1.09099
[Jumat_03-10-2025_22-48-50], 0.655649, 0.0852421, -0.306257
[Jumat_03-10-2025_22-48-50], 0.816886, -0.215104, 0.0339329
[Jumat_03-10-2025_22-48-51], 0.00399507, -0.0492836, -0.440598
[Jumat_03-10-2025_22-48-51], -0.513392, 0.262507, 0.230459
[Jumat_03-10-2025_22-48-52], 0.0923762, -0.0201063, 0.108215
[Jumat_03-10-2025_22-48-52], 0.417476, -0.124136, 0.000569631
[Jumat_03-10-2025_22-48-53], 0.868122, -0.255732, -0.103564
[Jumat_03-10-2025_22-48-53], 0.0359288, 0.373956, -0.213035
[Jumat_03-10-2025_22-48-54], -0.449376, 0.230783, 0.533973
[Jumat_03-10-2025_22-48-54], 0.165584, -0.0745213, -0.00931813
[Jumat_03-10-2025_22-48-55], -0.0429676, -0.305502, 0.733096
[Jumat_03-10-2025_22-48-55], 1.15787, 0.126586, -0.571362
[Jumat_03-10-2025_22-48-56], -0.439282, 0.232153, -0.0408661
[Jumat_03-10-2025_22-48-56], -0.742382, 0.134796, 0.467441
[Jumat_03-10-2025_22-48-57], 0.43202, 0.149157, -0.188457
[Jumat_03-10-2025_22-48-57], -0.569079, -0.518714, 0.921709
[Jumat_03-10-2025_22-48-58], -0.00733375, 0.14753, -0.375688
[Jumat_03-10-2025_22-48-58], -0.113611, 0.0328942, -0.0338665
[Jumat_03-10-2025_22-48-59], 0.0272135, 0.0253511, -0.0162115
[Jumat_03-10-2025_22-48-59], -0.00117452, -0.0148799, 0.00747987
[Jumat_03-10-2025_22-49-00], -0.0166947, 0.027853, -0.00666097
[Jumat_03-10-2025_22-49-00], -0.00418906, 0.0130656, -0.000732009
[Jumat_03-10-2025_22-49-01], -4.66706e-06, 0.00890178, -1.24023e-05
[Jumat_03-10-2025_22-49-01], -0.00110833, 0.0137347, -0.000362338
[Jumat_03-10-2025_22-49-02], -1.92319e-06, 0.0090295, -1.67617e-05
[Jumat_03-10-2025_22-49-02], -0.00450114, 0.0127636, -2.74561e-05
[Jumat_03-10-2025_22-49-03], -0.00541648, 0.0106331, -0.00433583
[Jumat_03-10-2025_22-49-03], -0.00926117, 0.0199882, -0.00153111
[Jumat_03-10-2025_22-49-04], -6.22285e-06, 0.00600432, -0.00412635
[Jumat_03-10-2025_22-49-04], -0.00214521, 0.0108235, -0.00101073
[Jumat_03-10-2025_22-49-05], -0.00394891, 0.00827785, -0.00183912
[Jumat_03-10-2025_22-49-05], -0.00526328, 0.014554, -2.88783e-05
[Jumat_03-10-2025_22-49-06], -0.00022082, 0.00809198, -0.000353085
[Jumat_03-10-2025_22-49-06], -0.00253877, 0.0124716, -3.06938e-09
[Jumat_03-10-2025_22-49-07], -0.00170532, 0.0103084, -8.06837e-09
[Jumat_03-10-2025_22-49-07], -1.17317e-05, 0.0110816, -8.00612e-07
[Jumat_03-10-2025_22-49-08], -0.000631105, 0.0116365, -8.45184e-21
[Jumat_03-10-2025_22-49-08], -0.000448988, 0.0107709, -6.32268e-12
[Jumat_03-10-2025_22-49-09], -0.0013942, 0.0111119, -3.58186e-07
[Jumat_03-10-2025_22-49-09], -0.000612994, 0.0108472, -2.7456e-05
[Jumat_03-10-2025_22-49-10], -0.00349837, 0.0118816, -0.000612994
[Jumat_03-10-2025_22-49-10], -0.00171092, 0.0111185, -6.27393e-10
[Jumat_03-10-2025_22-49-11], -0.000311464, 0.0110723, -0.000588474
[Jumat_03-10-2025_22-49-11], -0.000134555, 0.0124696, -1.09237e-05
[Jumat_03-10-2025_22-49-12], -0.000259755, 0.00965622, -0.00272442
[Jumat_03-10-2025_22-49-12], -0.00284837, 0.00999123, -0.000612994
[Jumat_03-10-2025_22-49-13], -0.00663301, 0.0031675, 0.00353788
[Jumat_03-10-2025_22-49-13], -0.00461454, 0.00662188, -0.000232558
[Jumat_03-10-2025_22-49-14], -0.00427341, 0.0184405, -0.000129789
[Jumat_03-10-2025_22-49-15], -0.00282493, 0.0215356, -0.000164138
[Jumat_03-10-2025_22-49-15], -0.00106972, 0.000875888, -0.00012888
[Jumat_03-10-2025_22-49-16], -0.00542213, 0.0141227, -0.000948658
[Jumat_03-10-2025_22-49-16], -0.00102812, 0.00727825, -0.000125761
[Jumat_03-10-2025_22-49-17], -0.000997987, 0.0137809, -1.16961e-08
[Jumat_03-10-2025_22-49-17], -1.1729e-06, 0.0108196, -3.23437e-05
[Jumat_03-10-2025_22-49-18], -0.000980815, 0.0118326, -1.33435e-06
[Jumat_03-10-2025_22-49-18], -0.00272444, 0.0114619, -6.42136e-16
[Jumat_03-10-2025_22-49-19], -0.000173392, 0.0107474, -2.89318e-07
[Jumat_03-10-2025_22-49-19], -0.000158888, 0.0115727, -1.10645e-05
[Jumat_03-10-2025_22-49-20], -1.1301e-06, 0.0112442, -2.93319e-09
[Jumat_03-10-2025_22-49-20], -0.00100882, 0.0115167, -1.88427e-07
[Jumat_03-10-2025_22-49-21], -0.000387354, 0.0113079, -2.25862e-10
[Jumat_03-10-2025_22-49-21], -0.00526399, 0.00597181, -0.000118842
[Jumat_03-10-2025_22-49-22], -0.00768015, -0.000170244, -0.00800733
[Jumat_03-10-2025_22-49-22], 0.00108994, 0.00352017, 0.00234986
[Jumat_03-10-2025_22-49-23], -0.00582678, 0.0258923, -0.000512631
[Jumat_03-10-2025_22-49-23], 0.121684, 0.000588142, 0.102769
[Jumat_03-10-2025_22-49-24], -0.519799, 0.011984, 0.423376
[Jumat_03-10-2025_22-49-24], 0.173299, 0.270226, -0.655104
