Time                        , raw_gyro_x_, raw_gyro_y_, raw_gyro_z_
[Kamis_16-10-2025_02-42-35], -0.0195342, 0.0848649, -0.00789054
[Kamis_16-10-2025_02-42-35], 0.483566, 0.0657834, -0.576936
[Kamis_16-10-2025_02-42-36], 0.32989, 0.0372361, -0.348683
[Kamis_16-10-2025_02-42-36], -0.532411, 0.230774, 1.25317
[Kamis_16-10-2025_02-42-37], -0.34751, 0.247782, 0.397174
[Kamis_16-10-2025_02-42-37], 0.254271, -0.947284, -0.691666
[Kamis_16-10-2025_02-42-38], 0.354687, -0.0145904, -1.2195
[Kamis_16-10-2025_02-42-38], 0.205579, 0.0928362, -0.331009
[Kamis_16-10-2025_02-42-39], -0.445899, 0.458727, 1.39206
[Kamis_16-10-2025_02-42-40], -0.320815, 0.342472, 0.459834
[Kamis_16-10-2025_02-42-40], 0.114581, -0.423155, -0.951983
[Kamis_16-10-2025_02-42-41], 0.302783, -0.225449, -0.2963
[Kamis_16-10-2025_02-42-41], 0.31623, 0.101237, -0.0860015
[Kamis_16-10-2025_02-42-42], -0.586691, 0.215407, 0.601388
[Kamis_16-10-2025_02-42-42], -0.184404, 0.0680602, -0.0344216
[Kamis_16-10-2025_02-42-47], 0.068382, 0.0778236, -0.142796
[Kamis_16-10-2025_02-42-48], 0.27919, -0.627574, -0.390355
[Kamis_16-10-2025_02-42-49], -0.171455, 0.204908, 0.120569
[Kamis_16-10-2025_02-42-49], -0.0115737, -0.107093, -0.763347
[Kamis_16-10-2025_02-42-50], 0.534299, 0.157373, -0.933656
[Kamis_16-10-2025_02-42-50], 0.247078, 0.0132119, -0.764739
[Kamis_16-10-2025_02-42-51], -0.581954, 0.148197, 1.11734
[Kamis_16-10-2025_02-42-51], -0.328724, 0.0105764, 0.713006
[Kamis_16-10-2025_02-42-52], 0.00574834, -0.373834, -0.30694
[Kamis_16-10-2025_02-42-52], 0.46658, 0.142298, -0.994457
[Kamis_16-10-2025_02-42-53], 0.47278, -0.123706, -0.872509
[Kamis_16-10-2025_02-42-53], -0.455681, 0.0644946, 1.41084
[Kamis_16-10-2025_02-42-54], -0.60017, -0.115863, 0.935424
[Kamis_16-10-2025_02-42-54], -0.119151, -0.280124, -0.431463
[Kamis_16-10-2025_02-42-55], 0.402935, 0.120785, -1.39929
[Kamis_16-10-2025_02-42-55], 0.410483, -0.0915145, -0.312152
[Kamis_16-10-2025_02-42-56], -0.148592, -0.259746, 0.485353
[Kamis_16-10-2025_02-42-57], -0.455654, 0.192351, 0.857591
[Kamis_16-10-2025_02-42-57], -0.339573, 0.145996, 0.768131
[Kamis_16-10-2025_02-42-58], 0.334759, 0.215241, -1.26439
[Kamis_16-10-2025_02-42-58], 0.301662, 0.0205562, -0.353025
[Kamis_16-10-2025_02-42-59], 0.15697, -0.299108, -0.171671
[Kamis_16-10-2025_02-42-59], -0.700822, 0.0395628, 1.35119
[Kamis_16-10-2025_02-43-00], -0.231661, 0.0359105, 0.830513
[Kamis_16-10-2025_02-43-00], 0.235317, 0.0666394, -0.763984
[Kamis_16-10-2025_02-43-01], 0.611505, 0.0626328, -1.01667
[Kamis_16-10-2025_02-43-01], 0.419023, 0.0100537, -0.806479
[Kamis_16-10-2025_02-43-02], -0.526106, -0.126835, 0.825743
[Kamis_16-10-2025_02-43-02], -0.065056, -0.0393707, 0.0451489
[Kamis_16-10-2025_02-43-03], 0.0921544, 0.0219289, -0.126255
[Kamis_16-10-2025_02-43-03], -0.000809518, 0.013146, -0.0241619
[Kamis_16-10-2025_02-43-04], 8.62172e-05, -0.00692006, 0.0474804
[Kamis_16-10-2025_02-43-04], 0.068924, 0.00594146, 0.196017
[Kamis_16-10-2025_02-43-05], 0.0244755, 0.0089472, 0.00166851
[Kamis_16-10-2025_02-43-05], 0.00366572, 0.30497, 0.0198703
[Kamis_16-10-2025_02-43-06], -0.0244956, -0.0206205, -0.00898633
[Kamis_16-10-2025_02-43-06], 0.00833229, 0.0195895, 0.000524042
[Kamis_16-10-2025_02-43-07], -1.5596e-06, -0.000867753, 0.00134473
[Kamis_16-10-2025_02-43-07], 0.00845746, 0.00113565, -0.0117915
[Kamis_16-10-2025_02-43-08], -0.00177794, -0.0067316, 0.00209744
[Kamis_16-10-2025_02-43-08], -0.000609964, -0.000646959, 0.00608867
[Kamis_16-10-2025_02-43-09], 0.00471678, -0.00102159, -0.00376338
[Kamis_16-10-2025_02-43-09], 3.60072e-09, 4.81694e-06, -5.9025e-05
[Kamis_16-10-2025_02-43-10], 1.2497e-05, 0.00156878, -0.00378203
[Kamis_16-10-2025_02-43-10], 4.72584e-13, 0.000220678, 5.62367e-07
[Kamis_16-10-2025_02-43-11], -0.00443997, 0.00531833, -0.00486332
[Kamis_16-10-2025_02-43-11], -0.009098, 0.00505004, -0.00212389
[Kamis_16-10-2025_02-43-12], 0.00953307, 0.00539978, -0.00107384
[Kamis_16-10-2025_02-43-12], -1.8151e-05, -0.00270905, 0.00134216
[Kamis_16-10-2025_02-43-13], 5.89429e-07, 0.000620725, -0.000275822
[Kamis_16-10-2025_02-43-13], 4.87861e-11, 6.44213e-10, -1.14286e-05
[Kamis_16-10-2025_02-43-14], 1.11244e-25, 1.46897e-24, 3.68739e-13
[Kamis_16-10-2025_02-43-14], 2.53665e-40, 1.7858e-11, 8.40816e-28
[Kamis_16-10-2025_02-43-15], 2.67787e-54, 0.00012711, -4.91651e-13
[Kamis_16-10-2025_02-43-15], 2.82695e-68, 1.34187e-18, -5.19022e-27
[Kamis_16-10-2025_02-43-16], 1.07436e-82, 5.09966e-33, -1.9725e-41
[Kamis_16-10-2025_02-43-16], 1.13417e-96, 1.33152e-16, 1.72932e-07
[Kamis_16-10-2025_02-43-17], -0.00128893, -0.0161238, 0.0446689
[Kamis_16-10-2025_02-43-17], -0.0247247, 0.0774377, -0.0284718
[Kamis_16-10-2025_02-43-18], -0.0135314, -0.0256105, 0.029752
[Kamis_16-10-2025_02-43-18], -0.0169238, 0.0314706, -0.00243283
[Kamis_16-10-2025_02-43-19], 0.00428371, -0.612435, 0.00245041
[Kamis_16-10-2025_02-43-19], -0.0075515, 0.0835102, 0.00552121
[Kamis_16-10-2025_02-43-20], -0.0146244, 0.0739471, 0.0360251
[Kamis_16-10-2025_02-43-21], 0.0090378, 0.0489576, 0.00612334
[Kamis_16-10-2025_02-43-21], -0.0119064, 1.06856e-06, -0.000520222
[Kamis_16-10-2025_02-43-22], 0.00992194, -0.539619, 0.00640601
[Kamis_16-10-2025_02-43-22], 0.00113039, 0.0941874, -0.00859949
[Kamis_16-10-2025_02-43-23], 0.0150864, -0.0125683, -0.00610579
[Kamis_16-10-2025_02-43-23], -0.00831769, -0.000257357, -0.00367934
[Kamis_16-10-2025_02-43-24], 0.000375239, 0.00176863, 0.00062464
[Kamis_16-10-2025_02-43-24], 0.00163465, 0.0058701, 0.000244917
[Kamis_16-10-2025_02-43-25], 3.83835e-07, -1.70999e-05, -0.000612618
[Kamis_16-10-2025_02-43-25], 5.03941e-06, 4.76745e-05, -6.27393e-10
[Kamis_16-10-2025_02-43-26], 1.23924e-11, 1.80941e-07, -3.97393e-24
[Kamis_16-10-2025_02-43-26], 7.84941e-26, 5.97654e-08, -2.5171e-38
[Kamis_16-10-2025_02-43-27], 4.97184e-40, 3.33372e-07, -0.00170276
[Kamis_16-10-2025_02-43-27], 5.24863e-54, 3.51931e-21, -1.79756e-17
