Time                        , raw_gyro_x_, raw_gyro_y_, raw_gyro_z_
[Jumat_03-10-2025_22-46-42], -0.000358574, 0.0566828, 0.0102508
[Jumat_03-10-2025_22-46-42], -0.463514, 0.0220977, -0.193611
[Jumat_03-10-2025_22-46-43], -0.467976, -0.976006, 0.136147
[Jumat_03-10-2025_22-46-43], 0.914216, 1.17499, 0.45428
[Jumat_03-10-2025_22-46-44], 0.257842, 0.0646141, -0.084458
[Jumat_03-10-2025_22-46-44], 0.0988739, -0.724294, 0.301648
[Jumat_03-10-2025_22-46-45], -0.437559, 0.695932, 0.239733
[Jumat_03-10-2025_22-46-45], -0.544153, -1.09568, 0.154971
[Jumat_03-10-2025_22-46-46], 0.647859, 0.735831, -0.579646
[Jumat_03-10-2025_22-46-46], 0.537494, -0.322715, -0.753815
[Jumat_03-10-2025_22-46-47], -0.250994, 0.336316, 0.456256
[Jumat_03-10-2025_22-46-47], -0.523554, 0.746443, 0.226309
[Jumat_03-10-2025_22-46-48], -0.461762, -1.21665, 0.6139
[Jumat_03-10-2025_22-46-48], 0.505665, 0.884134, -0.261588
[Jumat_03-10-2025_22-46-49], 0.285726, 0.375168, -0.108746
[Jumat_03-10-2025_22-46-49], -0.115105, -0.467381, 0.758291
[Jumat_03-10-2025_22-46-50], -0.388863, 1.03975, 0.273265
[Jumat_03-10-2025_22-46-50], -0.510107, -1.11276, 0.0862084
[Jumat_03-10-2025_22-46-51], 0.717118, 0.984139, 0.0158869
[Jumat_03-10-2025_22-46-51], 0.448158, 0.00669619, -0.119144
[Jumat_03-10-2025_22-46-52], -0.25472, 0.399801, 0.712542
[Jumat_03-10-2025_22-46-52], -0.392223, 1.10063, 0.0216946
[Jumat_03-10-2025_22-46-53], -0.853461, -1.09067, 0.38371
[Jumat_03-10-2025_22-46-53], 0.999809, 0.84188, -0.0595883
[Jumat_03-10-2025_22-46-54], 0.625334, -0.423463, -0.725299
[Jumat_03-10-2025_22-46-54], -0.233567, 0.382761, 0.612428
[Jumat_03-10-2025_22-46-55], -0.201921, 0.636156, 0.221586
[Jumat_03-10-2025_22-46-55], -0.710546, -1.23326, 0.103914
[Jumat_03-10-2025_22-46-56], 0.389267, 0.963591, -0.162661
[Jumat_03-10-2025_22-46-56], 0.680311, -0.436098, -0.867607
[Jumat_03-10-2025_22-46-57], -0.451363, 0.534113, 0.574641
[Jumat_03-10-2025_22-46-57], -0.201016, 1.10613, 0.278358
[Jumat_03-10-2025_22-46-58], 0.116885, -0.642734, -0.556865
[Jumat_03-10-2025_22-46-58], 1.16804, 0.875843, -0.0765541
[Jumat_03-10-2025_22-46-59], 0.598169, -0.34892, -0.582155
[Jumat_03-10-2025_22-46-59], 0.0605081, -0.416184, 0.485762
[Jumat_03-10-2025_22-47-00], -0.45848, 1.01593, 0.256947
[Jumat_03-10-2025_22-47-00], -0.707534, -1.12925, 0.337873
[Jumat_03-10-2025_22-47-01], 0.42871, 0.96744, -0.0733243
[Jumat_03-10-2025_22-47-01], 0.193385, -0.407225, -0.927939
[Jumat_03-10-2025_22-47-02], -0.546197, 0.482952, 0.406417
[Jumat_03-10-2025_22-47-02], -0.544615, 0.0204535, 0.365472
[Jumat_03-10-2025_22-47-03], -0.731238, -1.17594, 0.385409
[Jumat_03-10-2025_22-47-03], 0.934621, 0.783626, -0.094914
[Jumat_03-10-2025_22-47-04], 0.385083, -0.059009, -0.0851716
[Jumat_03-10-2025_22-47-04], -0.364845, 0.25447, 0.550062
[Jumat_03-10-2025_22-47-05], -0.395268, 0.319103, 0.26927
[Jumat_03-10-2025_22-47-05], -0.140103, -0.918318, -0.457504
[Jumat_03-10-2025_22-47-06], 1.06844, 0.780797, -0.209632
[Jumat_03-10-2025_22-47-06], 0.547684, -0.120767, -0.349376
[Jumat_03-10-2025_22-47-07], -0.0649703, -0.283021, 0.733066
[Jumat_03-10-2025_22-47-07], -0.499287, 0.0807973, 0.304006
[Jumat_03-10-2025_22-47-08], -0.702285, -0.813454, 0.585705
[Jumat_03-10-2025_22-47-08], 0.34773, 0.292586, -0.76033
[Jumat_03-10-2025_22-47-09], 0.473303, -0.0210601, -0.261746
[Jumat_03-10-2025_22-47-09], -0.0441251, -0.528107, 0.706876
[Jumat_03-10-2025_22-47-10], -0.802155, 0.623603, 0.162592
[Jumat_03-10-2025_22-47-10], -0.680183, -1.04347, 0.669158
[Jumat_03-10-2025_22-47-11], 0.610283, 0.484106, -0.525359
[Jumat_03-10-2025_22-47-11], 0.224638, 0.428127, -0.00412354
[Jumat_03-10-2025_22-47-12], 0.325263, -1.02464, -0.0222014
[Jumat_03-10-2025_22-47-12], -0.564198, 1.15987, 0.0438425
[Jumat_03-10-2025_22-47-13], -0.443791, -1.23198, 0.234857
[Jumat_03-10-2025_22-47-13], -0.23503, -0.0235072, -0.532678
[Jumat_03-10-2025_22-47-14], -0.0910115, -0.0941455, -0.0696581
[Jumat_03-10-2025_22-47-14], -0.0105272, 0.0226777, -0.0110709
[Jumat_03-10-2025_22-47-15], -0.013806, 0.0368216, -0.00516188
[Jumat_03-10-2025_22-47-15], -0.000124273, 0.0119926, -0.00158679
[Jumat_03-10-2025_22-47-16], -0.000327902, 0.0149242, -1.74882e-09
[Jumat_03-10-2025_22-47-16], -0.00022361, 0.013205, -5.93054e-06
[Jumat_03-10-2025_22-47-17], -0.00104696, 0.0100745, -3.70654e-06
[Jumat_03-10-2025_22-47-17], -0.00273431, 0.0106049, -3.91289e-20
[Jumat_03-10-2025_22-47-18], -0.000481476, 0.0101107, -1.48706e-34
[Jumat_03-10-2025_22-47-19], -0.000212139, 0.0104966, -9.9609e-08
[Jumat_03-10-2025_22-47-19], -0.000161056, 0.0109029, -1.35229e-20
[Jumat_03-10-2025_22-47-20], -7.79883e-07, 0.0115806, -1.74276e-09
[Jumat_03-10-2025_22-47-20], -0.00178918, 0.0104301, -2.38436e-24
[Jumat_03-10-2025_22-47-21], -0.00119264, 0.0110564, -1.9422e-37
[Jumat_03-10-2025_22-47-21], -0.000741066, 0.00960323, -7.9444e-05
[Jumat_03-10-2025_22-47-22], -0.00284451, 0.011115, -0.000171758
[Jumat_03-10-2025_22-47-22], -0.00150404, 0.00920822, -0.00476936
[Jumat_03-10-2025_22-47-23], -0.00495334, 0.0193288, -0.00606663
[Jumat_03-10-2025_22-47-23], -0.0037934, 0.00958675, -4.42438e-05
[Jumat_03-10-2025_22-47-24], 0.00136517, 0.00889109, -0.000229931
[Jumat_03-10-2025_22-47-24], -2.36989e-05, 0.0145507, -0.000173163
[Jumat_03-10-2025_22-47-25], -2.279e-07, 0.00903299, -2.0373e-07
[Jumat_03-10-2025_22-47-25], -0.000818768, 0.00957451, -3.70654e-06
[Jumat_03-10-2025_22-47-26], -1.44953e-06, 0.00926423, -4.96551e-15
[Jumat_03-10-2025_22-47-26], -0.000127933, 0.00942814, -7.86642e-13
[Jumat_03-10-2025_22-47-27], -0.00059291, 0.0116601, -1.38406e-26
[Jumat_03-10-2025_22-47-27], -0.000690061, 0.0114687, -1.36573e-12
[Jumat_03-10-2025_22-47-28], -0.000630268, 0.010885, -6.67482e-26
[Jumat_03-10-2025_22-47-28], -0.000657147, 0.0105993, -3.76436e-10
[Jumat_03-10-2025_22-47-29], -0.000589768, 0.0108236, -6.62321e-24
[Jumat_03-10-2025_22-47-29], -0.00106147, 0.0113007, -2.78841e-09
[Jumat_03-10-2025_22-47-30], -0.000178183, 0.0112964, -4.90608e-23
[Jumat_03-10-2025_22-47-30], -3.5014e-05, 0.0105957, -2.78841e-09
[Jumat_03-10-2025_22-47-31], -0.000353593, 0.0101285, -1.76619e-23
[Jumat_03-10-2025_22-47-31], -0.000376367, 0.0105754, -2.41641e-38
[Jumat_03-10-2025_22-47-32], -0.00354926, 0.0119955, -5.51003e-53
[Jumat_03-10-2025_22-47-32], -5.95263e-06, 0.0113658, -1.36677e-12
[Jumat_03-10-2025_22-47-33], -0.00170651, 0.0105956, -3.11657e-27
[Jumat_03-10-2025_22-47-33], -0.00171092, 0.0114901, -1.97405e-41
[Jumat_03-10-2025_22-47-34], -8.39775e-05, 0.0112429, -2.67997e-54
[Jumat_03-10-2025_22-47-34], -0.00224051, 0.0117275, -1.0185e-68
[Jumat_03-10-2025_22-47-35], -0.000212708, 0.0119833, -1.39412e-06
[Jumat_03-10-2025_22-47-35], -1.16729e-07, 0.0113857, -4.841e-09
[Jumat_03-10-2025_22-47-36], -0.000194239, 0.010387, -2.86133e-05
[Jumat_03-10-2025_22-47-36], -0.000127401, 0.0113308, -1.72932e-07
[Jumat_03-10-2025_22-47-37], -0.00126561, 0.0110757, -9.8841e-06
[Jumat_03-10-2025_22-47-37], -1.99822e-05, 0.0113811, -8.13102e-11
[Jumat_03-10-2025_22-47-38], -0.00333752, 0.0104568, -2.83191e-13
[Jumat_03-10-2025_22-47-38], -0.00060596, 0.0115203, -4.87861e-11
[Jumat_03-10-2025_22-47-39], -0.00274603, 0.0117848, -1.11244e-25
[Jumat_03-10-2025_22-47-39], -0.00172652, 0.012219, -0.000132444
[Jumat_03-10-2025_22-47-40], -0.00173413, 0.0119688, -1.04566e-09
[Jumat_03-10-2025_22-47-40], -0.000357827, 0.0120045, -1.71623e-05
[Jumat_03-10-2025_22-47-41], -0.00138609, 0.0119465, -2.29385e-14
[Jumat_03-10-2025_22-47-41], -0.00376476, 0.0118153, -6.72653e-28
[Jumat_03-10-2025_22-47-42], -0.00135508, 0.0110977, -1.31107e-12
[Jumat_03-10-2025_22-47-42], -6.22529e-05, 0.0115048, -4.98261e-27
[Jumat_03-10-2025_22-47-43], -0.000162164, 0.00843325, -5.90852e-07
[Jumat_03-10-2025_22-47-43], -0.00212845, 0.0105346, -0.000367797
[Jumat_03-10-2025_22-47-44], -0.000613267, 0.00889417, -1.67305e-09
[Jumat_03-10-2025_22-47-44], -9.92007e-06, 0.00995727, -3.61379e-10
[Jumat_03-10-2025_22-47-45], -0.000415659, 0.0100107, -0.000231712
[Jumat_03-10-2025_22-47-45], -0.000589315, 0.0109261, -1.02959e-05
[Jumat_03-10-2025_22-47-46], -0.00339246, 0.0116781, -3.70667e-06
[Jumat_03-10-2025_22-47-46], -5.84643e-07, 0.0112148, -6.2883e-08
[Jumat_03-10-2025_22-47-47], -2.88821e-05, 0.010579, -3.76436e-10
[Jumat_03-10-2025_22-47-47], -0.000353142, 0.0117518, -3.97393e-24
[Jumat_03-10-2025_22-47-48], -2.86033e-05, 0.0108337, -1.03184e-05
[Jumat_03-10-2025_22-47-48], -0.000588536, 0.00989843, -3.92141e-20
[Jumat_03-10-2025_22-47-49], -0.00170905, 0.0107708, -5.17663e-15
[Jumat_03-10-2025_22-47-49], -0.000220694, 0.0110273, -3.58592e-08
[Jumat_03-10-2025_22-47-50], -0.00277705, 0.0130394, -0.000220678
[Jumat_03-10-2025_22-47-50], -0.00144642, 0.0127162, -0.00120147
[Jumat_03-10-2025_22-47-51], 0.00450556, -0.0382729, 0.0141795
[Jumat_03-10-2025_22-47-51], 0.395677, 0.361512, -0.872236
[Jumat_03-10-2025_22-47-52], -0.144948, 0.0495592, -0.872538
[Jumat_03-10-2025_22-47-52], 0.216272, -0.189161, -0.203755
