Time                        , raw_gyro_x_, raw_gyro_y_, raw_gyro_z_
[Jumat_17-10-2025_00-24-56], -0.0165915, 0.047478, -0.0122038
[Jumat_17-10-2025_00-24-56], 1.00263, 0.128983, -0.156783
[Jumat_17-10-2025_00-24-57], 0.69438, -0.22932, -0.553658
[Jumat_17-10-2025_00-24-57], -0.803399, 0.193781, 0.370325
[Jumat_17-10-2025_00-24-58], -0.221021, 0.0300259, -0.147323
[Jumat_17-10-2025_00-24-58], 0.231814, -0.107784, -0.257438
[Jumat_17-10-2025_00-24-59], 0.0766761, 0.251014, 0.129478
[Jumat_17-10-2025_00-24-59], 0.602002, -0.510406, -0.779147
[Jumat_17-10-2025_00-25-00], -0.905578, 0.0940964, 0.432878
[Jumat_17-10-2025_00-25-00], -0.254375, 0.0999336, 0.125715
[Jumat_17-10-2025_00-25-01], 0.34738, 0.0648509, -0.456712
[Jumat_17-10-2025_00-25-01], -0.196119, 0.640483, 0.335924
[Jumat_17-10-2025_00-25-02], 0.338117, -0.695689, -0.670484
[Jumat_17-10-2025_00-25-02], -0.908758, -0.0678256, 0.358855
[Jumat_17-10-2025_00-25-03], -0.285553, 0.174783, 0.17361
[Jumat_17-10-2025_00-25-03], 0.572772, 0.145708, -0.654252
[Jumat_17-10-2025_00-25-04], -0.260298, 0.699108, 0.441448
[Jumat_17-10-2025_00-25-04], 0.311239, -0.74244, -0.477472
[Jumat_17-10-2025_00-25-05], -0.917215, -0.0611657, 0.421731
[Jumat_17-10-2025_00-25-05], -0.244036, 0.196422, 0.0773081
[Jumat_17-10-2025_00-25-06], 0.40724, 0.271483, -0.198653
[Jumat_17-10-2025_00-25-17], 0.000219884, 0.0134952, -0.0110792
[Jumat_17-10-2025_00-25-18], 0.00123892, 0.0484168, -0.0066614
[Jumat_17-10-2025_00-25-19], -0.731962, 0.416129, -0.122458
[Jumat_17-10-2025_00-25-19], -0.671367, -1.03749, 0.398744
[Jumat_17-10-2025_00-25-20], 0.216424, 1.08002, -0.00164086
[Jumat_17-10-2025_00-25-20], 0.742366, -0.705443, -1.00109
[Jumat_17-10-2025_00-25-21], -0.515059, 0.405546, 0.685923
[Jumat_17-10-2025_00-25-21], -0.443381, 0.481197, 0.227147
[Jumat_17-10-2025_00-25-22], -0.153621, -0.888631, -0.21313
[Jumat_17-10-2025_00-25-22], 0.146654, 1.04871, 0.0868516
[Jumat_17-10-2025_00-25-23], 0.729478, -1.12671, -1.07705
[Jumat_17-10-2025_00-25-23], -0.759516, 0.675381, 0.540765
[Jumat_17-10-2025_00-25-24], -0.596465, -0.000150811, 0.302319
[Jumat_17-10-2025_00-25-24], 0.308469, -0.631129, -0.425879
[Jumat_17-10-2025_00-25-25], -0.0625087, 0.931903, 0.128778
[Jumat_17-10-2025_00-25-25], 0.787874, -1.30069, -0.923653
[Jumat_17-10-2025_00-25-26], -0.641496, 0.627231, 0.522952
[Jumat_17-10-2025_00-25-26], -0.510826, 0.0271714, 0.397891
[Jumat_17-10-2025_00-25-27], 0.261555, -0.610407, -0.54746
[Jumat_17-10-2025_00-25-27], 0.0549021, 0.951353, -0.178173
[Jumat_17-10-2025_00-25-28], 0.826054, -1.7124, -0.629921
[Jumat_17-10-2025_00-25-28], -0.905138, 0.736154, 0.434111
[Jumat_17-10-2025_00-25-29], -0.317205, 0.152396, 0.236566
[Jumat_17-10-2025_00-25-29], 0.263998, -0.428477, -0.801126
[Jumat_17-10-2025_00-25-30], 0.0474611, 0.988936, -0.0732717
[Jumat_17-10-2025_00-25-30], 0.753434, -1.31499, -1.09735
[Jumat_17-10-2025_00-25-31], -0.883418, 0.72517, 0.307657
[Jumat_17-10-2025_00-25-31], -0.528003, 0.0983751, 0.238836
[Jumat_17-10-2025_00-25-32], 0.240152, -0.36212, -1.07445
[Jumat_17-10-2025_00-25-32], 0.158717, 0.29336, 0.447352
[Jumat_17-10-2025_00-25-33], -0.0495819, -0.812531, -0.450302
[Jumat_17-10-2025_00-25-33], -0.403075, 0.289598, 0.368583
[Jumat_17-10-2025_00-25-34], -0.669305, 0.012543, 0.783609
[Jumat_17-10-2025_00-25-34], 0.997019, 0.0712967, -0.386338
[Jumat_17-10-2025_00-25-35], -0.277833, -0.158425, 0.229127
[Jumat_17-10-2025_00-25-35], -2.9753, 1.10697, -2.29898
[Jumat_17-10-2025_00-25-36], 1.8884, -0.571457, 1.02719
[Jumat_17-10-2025_00-25-36], 0.439426, -0.145063, 0.0835914
[Jumat_17-10-2025_00-25-37], -0.120901, 0.0825237, -0.0342629
[Jumat_17-10-2025_00-25-38], 0.0340762, 0.0135973, 0.00724994
[Jumat_17-10-2025_00-25-38], -0.00634917, 0.0121396, -0.00494508
[Jumat_17-10-2025_00-25-39], 0.00484305, 0.0232221, 0.000227025
[Jumat_17-10-2025_00-25-39], -0.0192162, -0.0030167, -0.0030783
[Jumat_17-10-2025_00-25-40], 0.120356, 0.776998, -0.505243
[Jumat_17-10-2025_00-25-40], 0.458804, 0.112458, -0.345302
[Jumat_17-10-2025_00-25-41], 0.199493, -0.106315, -0.172963
[Jumat_17-10-2025_00-25-41], -0.950242, -0.0488391, -0.0307051
[Jumat_17-10-2025_00-25-42], 0.54687, -0.216608, -1.14596
[Jumat_17-10-2025_00-25-42], -0.071329, -0.048177, -0.67153
[Jumat_17-10-2025_00-25-43], -0.0621585, -0.113703, 0.566844
[Jumat_17-10-2025_00-25-43], -0.161331, -0.302064, 0.720271
[Jumat_17-10-2025_00-25-44], 0.459781, 0.347907, -0.612045
[Jumat_17-10-2025_00-25-44], -0.117687, 0.110833, -1.19458
[Jumat_17-10-2025_00-25-45], -0.38622, 0.173707, 0.0279927
[Jumat_17-10-2025_00-25-45], 0.411915, -0.17661, 0.0265574
[Jumat_17-10-2025_00-25-46], 0.0630153, -0.41513, -0.308349
[Jumat_17-10-2025_00-25-46], 0.0716513, 0.451017, -0.303862
[Jumat_17-10-2025_00-25-47], -0.0102986, 0.190217, 0.370707
[Jumat_17-10-2025_00-25-47], -0.645596, -0.126575, 1.30797
[Jumat_17-10-2025_00-25-48], 0.216865, 0.237949, -0.0516191
[Jumat_17-10-2025_00-25-48], -0.143704, -0.0839123, 0.145074
[Jumat_17-10-2025_00-25-49], 0.0477924, -0.104783, -0.0134391
[Jumat_17-10-2025_00-25-49], -0.00599161, -0.000297652, -0.000251167
[Jumat_17-10-2025_00-25-50], -0.00754825, 0.0105433, -0.00877154
[Jumat_17-10-2025_00-25-50], -0.00975126, -0.0373631, -0.00650761
[Jumat_17-10-2025_00-25-51], 0.0161189, 0.0237133, 0.00269031
[Jumat_17-10-2025_00-25-51], 0.00696107, 0.024309, 0.00363784
[Jumat_17-10-2025_00-25-52], 0.0120834, -0.0190001, -0.0296306
[Jumat_17-10-2025_00-26-10], 0.00277635, 0.00311016, -0.0136204
[Jumat_17-10-2025_00-26-11], 0.0030429, 0.0502278, -0.00726027
[Jumat_17-10-2025_00-26-12], -0.00102846, 0.00017232, -0.000983265
[Jumat_17-10-2025_00-26-12], -1.06842e-05, -0.00369802, -1.02613e-08
[Jumat_17-10-2025_00-26-13], -1.03374e-05, 0.014485, -5.62075e-06
[Jumat_17-10-2025_00-26-13], -0.00349616, 0.0174574, -0.000588474
[Jumat_17-10-2025_00-26-14], -2.11856e-07, 0.00355675, -0.00258319
[Jumat_17-10-2025_00-26-14], -1.38056e-07, 0.00922395, -1.10723e-14
